   0   0   0  56   0
   0   0   0   0
   0   0   0   0
   0   0   0   0
   0  62 140   7
   0   0   0   0
   1   2   3   4   5   6   7   8   9  10  11  12  13  14  15  16  17  18  19  20
  21  22  23  24  25  26  27  28  29  30  31  32  33  34  35  36  37  38  39  40
  41  42  43  44  45  46  47  48  49  50  51  52  53  54  55  56
   1   2   3   4   5   6   7   8   9  10  11  12  13  14  15  16  17  18  19  20
  21  22  23  24  25  26  27  28  29  30  31  32  33  34  35  36  37  38  39  40
  41  42  43  44  45  46  47  48  49  50  51  52  53  54  55  56
n2o     ch4     h2o     co      hcl     hbr     co2     h2      ch2o    cfc10   
cfc11   cfc12   cfc113  cfc114  cfc115  hcfc22  ch3ccl3 ch3cl   ha1211  ha1301  
hf      ch3br   chbr3   o3      o3p     o1d     h       oh      ho2     h2o2    
cl      cl2     clo     oclo    hocl    clono2  clno2   cl2o2   n       no      
no2     no3     hno3    n2o5    ho2no2  br      bro     hobr    brono2  brcl    
ch3o2   ch3ooh  o2      o2dg    o2s     x       
  12  33  36  31  40  32  23  37  41   3   4   5   6   7   8  22  10  25  11   9
   1  24  13  54  51  47  52  46  48  29  50  34  56  43  39  38  19  20  18  49
  55  53  30  26  28  45  44  14  21  15  35  27  42  16  17   2
  21  56  10  11  12  13  14  15  20  17  19   1  23  48  50  54  55  39  37  38
  49  16   7  22  18  44  52  45  30  43   4   6   2  32  51   3   8  36  35   5
   9  53  34  47  46  28  26  29  40  31  25  27  42  24  41  33
   1   2   3   7  11  15  19  23  27  30  35  39  43  47  50  53  56  58  62  65
  70  76  83  87  94 103 109 115 122 129 135 141 147 158 165 173 178 188 201 216
 231 246 256 275 295 332 368 396 416 446 474 490 510 527 551 573
 F F F F F F F F F F F F F F F F F F F F F F F F F F F F F F F F F F F F F F F F
 F F F F F F F F F F F F F F F F
